0  1  0  0  0  0  1  0  0 -0  0  1  0  0  0  0  1
1     0.99999 -0.00268679 -0.00354618 6.43221e-05  0.00267957    0.999994 -0.00204036  -0.0073023  0.00355164  0.00203084    0.999992    0.676456           0           0           0           1
2    0.999969 -0.00120771 -0.00772489  -0.0100328  0.00117985    0.999993   -0.003611  -0.0111185  0.00772919  0.00360178    0.999964     1.37125           0           0           0           1
3    0.999931 -0.00128098  -0.0117006  -0.0237327  0.00122052    0.999986 -0.00517227  -0.0136538   0.0117071  0.00515763    0.999918     2.08563           0           0           0           1
4      0.99986  5.79321e-05   -0.0167106   -0.0402272 -0.000155312     0.999983  -0.00582618   -0.0194327      0.01671   0.00582796     0.999843      2.81528            0            0            0            1
5    0.999772 -0.00118366  -0.0213077  -0.0572378   0.0010545    0.999981 -0.00607208  -0.0278191   0.0213145  0.00604822    0.999755     3.56204           0           0           0           1
6     0.999662  0.000544425   -0.0259946    -0.081545 -0.000735472     0.999973  -0.00734051   -0.0358844    0.0259899   0.00735714     0.999635      4.32265            0            0            0            1
7    0.999513   0.0032602  -0.0310324   -0.112137  -0.0035101    0.999962 -0.00800188  -0.0447209   0.0310051  0.00810691    0.999486     5.09668           0           0           0           1
8    0.999361  0.00349173  -0.0355658   -0.143594 -0.00372162    0.999973 -0.00639979  -0.0532611   0.0355425  0.00652807    0.999347     5.88701           0           0           0           1
9    0.999185  0.00268131   -0.040271   -0.176401  -0.0028332    0.999989 -0.00371493  -0.0632884   0.0402606    0.003826    0.999182      6.6897           0           0           0           1
10     0.99903  0.00226305  -0.0439747   -0.211687 -0.00231163    0.999997 -0.00105382   -0.072362   0.0439722  0.00115445    0.999032     7.50361           0           0           0           1
11    0.998896  0.00366482  -0.0468376   -0.254125 -0.00374515    0.999992 -0.00162734  -0.0820263   0.0468312  0.00180096    0.998901     8.32333           0           0           0           1
12    0.998775  0.00304285  -0.0493866   -0.295424 -0.00313866    0.999993 -0.00186268  -0.0885739   0.0493806  0.00201541    0.998778     9.15211           0           0           0           1
13     0.998682  7.09894e-05   -0.0513155    -0.334647 -0.000203775     0.999997  -0.00258241   -0.0938889    0.0513152   0.00258946     0.998679      9.98839            0            0            0            1
14     0.998565 -8.82523e-05   -0.0535542    -0.380835 -9.36659e-06     0.999998  -0.00182255     -0.10173    0.0535542   0.00182044     0.998563       10.832            0            0            0            1
15    0.998481 -0.00146793  -0.0550718   -0.429135   0.0013525    0.999997 -0.00213307   -0.111427   0.0550748  0.00205535     0.99848      11.687           0           0           0           1
16     0.998373  0.000738731   -0.0570218    -0.483426 -0.000993083      0.99999  -0.00443241    -0.122139    0.0570179   0.00448183     0.998363      12.5483            0            0            0            1
17    0.998285  0.00120595  -0.0585258   -0.540056 -0.00162301    0.999974 -0.00707907   -0.132598   0.0585158  0.00716191    0.998261     13.4179           0           0           0           1
18    0.998165  0.00516151   -0.060337     -0.6023 -0.00570195    0.999945 -0.00878826   -0.143753   0.0602883  0.00911617    0.998139     14.2952           0           0           0           1
19    0.998101  0.00610094  -0.0612993    -0.66308 -0.00663017    0.999942 -0.00843386   -0.157854   0.0612443  0.00882427    0.998084     15.1802           0           0           0           1
20    0.998014   0.0052997  -0.0627662   -0.722045 -0.00574767    0.999959  -0.0069587   -0.172847   0.0627268  0.00730564    0.998004      16.074           0           0           0           1
21     0.99792  0.00591748  -0.0641975    -0.78346 -0.00627924    0.999966 -0.00543487   -0.186221   0.0641631  0.00582667    0.997922     16.9738           0           0           0           1
22    0.997857  0.00547694  -0.0651993   -0.845347 -0.00584101    0.999968 -0.00539455   -0.199741   0.0651677  0.00576382    0.997858     17.8786           0           0           0           1
23    0.997737  0.00536917  -0.0670282   -0.908218 -0.00579979    0.999964  -0.0062316   -0.212775   0.0669924  0.00660624    0.997732     18.7877           0           0           0           1
24    0.997663  0.00386695  -0.0682185   -0.971291 -0.00435203    0.999966 -0.00696344   -0.226442   0.0681893  0.00724406    0.997646     19.7046           0           0           0           1
25    0.997629  0.00410637  -0.0687004    -1.03663 -0.00448288    0.999976 -0.00532714   -0.239555   0.0686769  0.00562249    0.997623     20.6257           0           0           0           1
26    0.997617  0.00588773  -0.0687501    -1.10557  -0.0060349     0.99998 -0.00193325   -0.254273   0.0687373  0.00234355    0.997632       21.55           0           0           0           1
27    0.997662  0.00693766  -0.0679906    -1.17297 -0.00682806    0.999975   0.0018442    -0.26563   0.0680017 -0.00137565    0.997684     22.4875           0           0           0           1
28    0.997774  0.00579785  -0.0664343    -1.23728 -0.00550265    0.999974  0.00462554   -0.271962   0.0664594 -0.00424968     0.99778     23.4285           0           0           0           1
29    0.997872  0.00589563  -0.0649408    -1.30214 -0.00556012     0.99997  0.00534586   -0.277922   0.0649704  -0.0049734    0.997875     24.3732           0           0           0           1
30    0.997958  0.00627024  -0.0635595    -1.36462 -0.00612984    0.999978  0.00240374   -0.285335   0.0635732 -0.00200922    0.997975      25.314           0           0           0           1
31    0.998004  0.00714074  -0.0627411    -1.42783 -0.00731158     0.99997 -0.00249375   -0.293171   0.0627215  0.00294751    0.998027     26.2605           0           0           0           1
32     0.99808   0.0063692  -0.0616159    -1.48954 -0.00671918    0.999962 -0.00547459   -0.302321   0.0615787  0.00587809    0.998085     27.2168           0           0           0           1
33     0.99813  0.00376787  -0.0610159    -1.54654 -0.00404632    0.999982  -0.0044408   -0.313516   0.0609981  0.00467938    0.998127     28.1829           0           0           0           1
34     0.998113   0.00193972   -0.0613743     -1.60668  -0.00191171     0.999998  0.000515183    -0.324411    0.0613752 -0.000396881     0.998115      29.1626            0            0            0            1
35     0.99806  -0.0017885   -0.062228    -1.66532  0.00203402     0.99999  0.00388232   -0.335656   0.0622204 -0.00400136    0.998054     30.1428           0           0           0           1
36    0.997945 -0.00917543  -0.0634115    -1.72059  0.00939451    0.999951  0.00315749   -0.343316   0.0633794 -0.00374672    0.997982     31.1244           0           0           0           1
37     0.997825   -0.0112684   -0.0649459     -1.78049     0.011242     0.999937 -0.000771312    -0.350864    0.0649504  3.95099e-05     0.997888      32.1064            0            0            0            1
38    0.997739  -0.0110126  -0.0662983    -1.85007   0.0107254    0.999932 -0.00468596   -0.361068   0.0663454  0.00396429    0.997789     33.0886           0           0           0           1
39    0.997597 -0.00959503  -0.0686163    -1.92119  0.00924037    0.999942 -0.00548426   -0.373466   0.0686649  0.00483704    0.997628     34.0774           0           0           0           1
40     0.99755  -0.0095802  -0.0693031    -1.99331  0.00931271    0.999948 -0.00418184   -0.387047   0.0693396  0.00352619    0.997587     35.0736           0           0           0           1
41    0.997473 -0.00634387  -0.0707596     -2.0707  0.00626661     0.99998  -0.0013139   -0.403858   0.0707665  0.00086716    0.997493     36.0721           0           0           0           1
42      0.99739  -0.00624366   -0.0719343     -2.14553   0.00625582      0.99998 -5.62375e-05    -0.416888    0.0719332 -0.000393917     0.997409      37.0728            0            0            0            1
43    0.997312 -0.00473093  -0.0731254    -2.21909  0.00492848    0.999985  0.00252135   -0.428625   0.0731123 -0.00287497     0.99732     38.0643           0           0           0           1
44    0.997318 -0.00467696  -0.0730348    -2.29215  0.00509473    0.999972  0.00553481   -0.440023   0.0730068 -0.00589206    0.997314     39.0618           0           0           0           1
45     0.997274   0.00138304   -0.0737801     -2.37574 -0.000811217     0.999969   0.00777971    -0.447869    0.0737886  -0.00769865     0.997244      40.0548            0            0            0            1
46     0.997262   0.00149131   -0.0739326     -2.45529 -0.000969511     0.999974   0.00709318    -0.454763    0.0739413  -0.00700208     0.997238      41.0557            0            0            0            1
47    0.997266  0.00175929  -0.0738699    -2.53081 -0.00136899    0.999985  0.00533379   -0.460519   0.0738782 -0.00521809    0.997254     42.0518           0           0           0           1
48    0.997253  0.00408494  -0.0739555    -2.61212 -0.00386552    0.999988  0.00310988   -0.469863   0.0739673 -0.00281546    0.997257     43.0493           0           0           0           1
49    0.997185  0.00365371  -0.0748884    -2.68799 -0.00342799    0.999989  0.00314243    -0.47951   0.0748991 -0.00287687    0.997187     44.0473           0           0           0           1
50    0.997077  0.00181435  -0.0763845    -2.76071 -0.00149292     0.99999  0.00426495   -0.487845   0.0763915 -0.00413845    0.997069     45.0403           0           0           0           1
51    0.997018  0.00246727  -0.0771352    -2.84117 -0.00206285    0.999984  0.00532227   -0.499132   0.0771471 -0.00514727    0.997006     46.0244           0           0           0           1
52    0.996991  0.00504805  -0.0773507    -2.92304 -0.00493379    0.999986  0.00166824   -0.510863   0.0773581 -0.00128158    0.997003      46.994           0           0           0           1
53    0.996911  0.00581773  -0.0783264    -3.00373 -0.00604061    0.999978 -0.00260888   -0.521193   0.0783095  0.00307396    0.996924     47.9551           0           0           0           1
54    0.996846  0.00678413  -0.0790757    -3.08343 -0.00711636    0.999967 -0.00392044   -0.534186   0.0790465  0.00447081    0.996861     48.9236           0           0           0           1
55     0.996843   0.00557268   -0.0792034     -3.16262  -0.00562268     0.999984 -0.000408328     -0.54901    0.0791999  0.000852374     0.996858      49.9005            0            0            0            1
56    0.996831  0.00375007  -0.0794568    -3.23868 -0.00354655     0.99999  0.00270227   -0.563036   0.0794661  -0.0024119    0.996835     50.8752           0           0           0           1
57    0.996805  0.00190455  -0.0798474    -3.31582 -0.00164885    0.999993  0.00326822   -0.574113   0.0798531 -0.00312612    0.996802     51.8394           0           0           0           1
58    0.996782 -0.00124932  -0.0801505    -3.39153  0.00141878    0.999997   0.0020573   -0.586659   0.0801477 -0.00216439    0.996781     52.8005           0           0           0           1
59    0.996745  -0.0038025  -0.0805262     -3.4676   0.0038689    0.999992 0.000668539    -0.59892    0.080523 -0.00097791    0.996752     53.7575           0           0           0           1
60    0.996643 -0.00519016  -0.0817059    -3.54489  0.00535256    0.999984  0.00176869    -0.60864   0.0816955 -0.00220009    0.996655      54.708           0           0           0           1
61    0.996534  -0.0079249  -0.0828082    -3.62139  0.00842977    0.999948  0.00574894   -0.618858   0.0827583 -0.00642707    0.996549     55.6588           0           0           0           1
62    0.996473 -0.00854289  -0.0834829    -3.69959  0.00945654      0.9999   0.0105549   -0.624401   0.0833844  -0.0113071    0.996453     56.6119           0           0           0           1
63    0.996447 -0.00664747   -0.083957    -3.78502  0.00773966     0.99989   0.0126902   -0.629769   0.0838633  -0.0132949    0.996389     57.5607           0           0           0           1
64    0.996335 -0.00522633  -0.0853755     -3.8689  0.00597793    0.999946  0.00855017   -0.636709   0.0853262  -0.0090292    0.996312     58.4941           0           0           0           1
65     0.996221  -0.00343661   -0.0867892     -3.95276   0.00350579     0.999994  0.000644619    -0.644008    0.0867865 -0.000946448     0.996226      59.4131            0            0            0            1
66    0.996144 -0.00149623  -0.0877201    -4.03806  0.00112725     0.99999 -0.00425562   -0.655271   0.0877256  0.00414033    0.996136     60.3236           0           0           0           1
67    0.996055  0.00375138  -0.0886573    -4.12895 -0.00406723    0.999986 -0.00338223   -0.671324   0.0886434  0.00372948    0.996056     61.2274           0           0           0           1
68    0.995922  0.00719305  -0.0899263    -4.21985  -0.0073202    0.999973 -0.00108421   -0.691307    0.089916  0.00173807    0.995948      62.125           0           0           0           1
69     0.99582  0.00967277  -0.0908194    -4.30702 -0.00966905    0.999953 0.000481019   -0.708494   0.0908198 0.000399128    0.995867     63.0134           0           0           0           1
70    0.995713   0.0102896  -0.0919182    -4.39131  -0.0103098    0.999947 0.000255248   -0.721276    0.091916 0.000693502    0.995767     63.8776           0           0           0           1
71     0.99554   0.0119225  -0.0935844      -4.477  -0.0118725    0.999929  0.00109156   -0.734766   0.0935908 2.43836e-05    0.995611     64.7307           0           0           0           1
72     0.995397    0.0126524   -0.0950024     -4.56121   -0.0125521      0.99992   0.00165348    -0.749039    0.0950157 -0.000453392     0.995476      65.5703            0            0            0            1
73    0.995256   0.0126635  -0.0964665    -4.64297  -0.0125254    0.999919  0.00203772   -0.761909   0.0964846 -0.00081977    0.995334     66.3938           0           0           0           1
74    0.995133   0.0127023  -0.0977168    -4.72623  -0.0124698    0.999918  0.00298947     -0.7711   0.0977468 -0.00175641     0.99521     67.2017           0           0           0           1
75   0.994948   0.015548 -0.0991814   -4.81287 -0.0150604   0.999871 0.00566291  -0.780301  0.0992566 -0.0041406   0.995053    67.9995          0          0          0          1
76    0.994794   0.0171065   -0.100462    -4.90076  -0.0162095    0.999821    0.009738   -0.788037    0.100611 -0.00805885    0.994893     68.7922           0           0           0           1
