11.5462 -3.17904
15.7491 4.58071
27.8273 5.81115
27.415 -2.28392
30.9936 -8.74648
40.5419 -3.78337
45.1623 5.63352
45.4695 12.1605
55.1353 -3.36171
58.5388 11.1011
62.8824 -8.80175
50.7581 -17.7474
46.1374 -24.081
57.9527 -33.2091
48.057 -31.7108
40.1355 -12.9555
33.3497 -31.4614
27.9232 -16.6891
30.623 -9.48412
27.3647 -2.88669
18.8212 -13.1127
4.31248 -10.8865
-4.09284 -4.21085
-9.01098 -25.9335
-21.0755 -24.895
-23.8779 -16.4902
-18.9212 -35.3747
-16.4174 -35.639
-13.6542 -36.0496
-22.5566 -3.1922
-32.7964 -23.416
-31.6263 -2.66065
-18.1322 4.806
-24.6712 4.98534
-40.5743 -1.87422
-57.977 -0.994792
-58.5028 -8.37712
-38.249 -10.3594
-45.2012 -22.2836
51.9623 12.1931
61.704 -16.03
66.0109 -32.196
73.6035 -25.0053
65.7047 -38.5339
70.8028 -28.6908
75.0177 -19.8811
72.0479 2.34312
91.1061 5.38601
75.3071 11.8675
81.6595 12.1989
58.6897 11.0752
43.0966 -35.2953
90.7598 23.6821
103.168 16.0736
106.738 10.0116
117.431 11.0095
112.757 -2.72587
114.145 -9.35478
117.83 -3.99654
134.407 14.1524
153.725 -4.06975
164.874 -0.129394
176.452 3.80945
170.139 12.5872
168.4 20.6599
171.838 28.9389
186.4 34.0617
179.743 43.4137
169.23 53.493
163.88 57.9334
154.403 26.3904
137.552 23.2412
151.297 17.8499
130.101 -11.4935
55.5802 -37.709
62.9979 -15.7734
59.0857 -37.0093
-44.5507 6.99722
53.2807 -40.2969
119.628 19.6869
71.6756 -24.9721
76.7393 -20.1953
188.905 66.1353
188.68 80.2306
188.847 92.704
187.494 88.2711
156.602 63.097
-75.8724 -0.280872
-79.0242 12.3871
-73.9648 14.7161
-72.57 19.0505
-90.4045 9.73718
-82.4699 27.4234
-82.3288 54.3888
-63.6617 65.7132
-51.2472 69.9172
-39.3977 68.3791
-56.4975 98.1105
-40.2003 103.44
-47.0403 109.659
-38.3936 122.263
-29.9744 129.972
-10.3339 113.428
-21.2265 120.637
-22.8806 148.912
-20.8533 153.985
-14.4218 155.52
-10.9631 163.422
-20.9801 166.457
-1.77901 173.202
9.87402 171.018
13.5226 166.842
23.3483 168.39
27.2088 164.611
-6.33586 142.445
-10.2487 124.986
-17.6739 119.917
-10.4901 125.221
54.4995 -34.5161
45.8083 -38.3969
-43.4565 9.66986
-51.8566 24.8374
9.62601 179.312
23.7316 173.974
28.8651 170.856
13.2732 182.632
5.47364 187.518
19.373 186.669
26.5909 184.722
27.7745 176.108
14.4633 191.73
30.5543 190.802
34.8047 186.665
41.2786 200.071
54.5234 209.901
46.2008 230.51
56.5881 236.921
49.2812 233.675
70.1637 231.196
63.4113 237.9
68.2373 238.886
77.4989 228.027
84.3851 225.382
91.1323 222.252
40.1329 183.842
15.699 185.568
15.6946 193.741
16.356 189.08
1.68132 177.032
71.779 -21.6567
74.777 -33.0625